image_width: 320
image_height: 240
camera_name: narrow_stereo
camera_matrix:
  rows: 3
  cols: 3
  data: [259.822285, 0.000000, 168.690940, 0.000000, 260.225252, 124.521437, 0.000000, 0.000000, 1.000000]
distortion_model: plumb_bob
distortion_coefficients:
  rows: 1
  cols: 5
  data: [0.075119, -0.119059, -0.001932, 0.007320, 0.000000]
rectification_matrix:
  rows: 3
  cols: 3
  data: [1.000000, 0.000000, 0.000000, 0.000000, 1.000000, 0.000000, 0.000000, 0.000000, 1.000000]
projection_matrix:
  rows: 3
  cols: 4
  data: [261.554993, 0.000000, 170.469222, 0.000000, 0.000000, 263.706512, 123.632822, 0.000000, 0.000000, 0.000000, 1.000000, 0.000000]
