image_width: 1920
image_height: 1080
camera_name: usb_cam
camera_matrix:
  rows: 3
  cols: 3
  data: [1159.093875, 0.000000, 964.500104, 0.000000, 1154.704392, 562.202634, 0.000000, 0.000000, 1.000000]
distortion_model: plumb_bob
distortion_coefficients:
  rows: 1
  cols: 5
  data: [0.061914, -0.117896, 0.003639, -0.001450, 0.000000]
rectification_matrix:
  rows: 3
  cols: 3
  data: [1.000000, 0.000000, 0.000000, 0.000000, 1.000000, 0.000000, 0.000000, 0.000000, 1.000000]
projection_matrix:
  rows: 3
  cols: 4
  data: [1073.190430, 0.000000, 959.559468, 0.000000, 0.000000, 1079.336182, 574.021059, 0.000000, 0.000000, 0.000000, 1.000000, 0.000000]
