# oST version 5.0 parameters


[image]

width
320

height
240

[narrow_stereo]

camera matrix
259.822285 0.000000 168.690940
0.000000 260.225252 124.521437
0.000000 0.000000 1.000000

distortion
0.075119 -0.119059 -0.001932 0.007320 0.000000

rectification
1.000000 0.000000 0.000000
0.000000 1.000000 0.000000
0.000000 0.000000 1.000000

projection
261.554993 0.000000 170.469222 0.000000
0.000000 263.706512 123.632822 0.000000
0.000000 0.000000 1.000000 0.000000

